676
0
6674
21743
49573
59633
75081
13982
18917
46891
47014
55515
58581
19590
25745
31123
56562
61124
76506
3378
14397
21919
36637
72515
1902
14465
51404
73852
196
6831
33284
34648
42937
54269
57767
62649
77039
79382
7960
41441
50936
57143
63733
70749
71269
442
582
31270
76559
9524
16876
44363
46752
51242
74740
75576
25255
44441
47337
56224
58525
402
13033
54656
55983
18919
21390
38639
65249
66990
11381
16174
25769
26726
28945
41671
42280
47495
48022
60626
61344
69056
70818
75138
77989
79690
3611
40186
56380
22660
23769
53661
69368
3414
6525
12363
14108
27049
35952
41653
56240
79506
3731
10345
13699
49042
9629
20738
41125
54482
62252
14486
19661
21466
24369
1127
2976
20584
34925
36293
46484
54544
63450
1860
6893
17873
34289
35381
63135
67411
71981
30278
65973
75841
16299
24754
27320
29428
44875
56911
57922
3454
24529
29616
46972
48089
53347
53460
62756
3819
22941
56944
60412
73950
8617
20781
25708
27296
29996
77499
2366
14120
16212
18625
46099
77747
19240
42303
63193
18603
26051
69652
39427
39608
17730
52188
61092
10921
15821
31478
55807
76711
9119
13730
17919
20961
28423
30306
36128
66237
31549
46159
49819
26557
64616
69470
71692
17541
30824
38430
62142
62459
71419
8182
14296
27042
37379
46072
69042
4438
14164
17322
20076
43264
49258
52827
6076
19171
29205
60701
66890
8241
9107
13979
16957
34209
35092
41196
44076
54391
20270
22295
30800
36230
47134
15788
32236
50795
52681
27826
57310
62910
63208
67555
70107
6556
1073
2065
21124
26454
41209
3372
38056
61552
65069
75543
77651
13975
36214
52387
6277
36855
53308
65947
67284
79544
28807
42029
47555
78837
45665
51062
63315
63483
3331
8523
39873
6105
29227
44370
60006
478
7165
14788
28322
28987
31923
40107
57071
57099
73771
75657
1989
15618
16028
51110
56346
60883
63250
5502
11049
21509
36836
49360
60252
7687
13580
14882
15517
26440
44452
44988
48182
61649
63125
1141
42402
56094
70919
72827
76198
13874
43311
71187
2576
20185
44512
63787
17721
26612
52936
67990
11972
26571
47406
70434
76471
13187
42464
47532
68336
2186
2414
8971
11053
33272
49300
70370
2026
9421
32608
42149
48832
66676
72682
77
778
25896
35898
63350
68222
156
10328
37010
6037
13226
35865
38694
79476
24556
41943
54529
57325
62424
77090
43447
73060
74833
5487
8873
12809
55976
77310
20973
43863
54073
56941
11697
36169
38014
41145
6524
15349
22232
49809
20327
48980
1975
20849
33104
74002
5176
7111
11702
34630
50557
16760
27161
64141
76663
41890
53453
62278
22435
68461
3514
4537
17326
23046
38200
47676
57324
72775
73813
11794
16868
27287
55909
57234
1445
10918
28380
56900
11076
13007
17667
62100
15579
15639
63001
69955
73556
10164
21665
31897
34920
10754
37193
60093
64273
52176
58233
73267
78149
1768
44679
69144
75050
2276
21585
40443
49603
60178
67930
8249
12446
41825
61899
78618
6031
20166
25510
31150
37735
48730
5649
52316
58610
68801
377
6472
16637
43456
65473
8444
25687
46989
74931
78138
625
8203
17064
46206
51310
52904
56269
11757
24957
76316
11494
46776
22518
28385
35239
35576
47964
67178
77995
17827
51373
69986
241
6465
11726
47338
67125
75701
30748
30829
33236
7942
9016
44431
73018
76907
1644
26245
27820
50980
52173
58857
74717
8844
10425
20490
39751
51279
69686
20713
55878
57368
10318
26790
28173
32361
34238
75025
21581
25549
56631
57201
61253
64417
16057
26537
29521
34961
37175
46588
49010
58963
13314
18879
21180
26793
31898
49584
68443
3043
37313
72129
72731
54958
58196
68990
75779
4936
31950
40153
56814
70725
24958
33336
44535
72162
11300
35355
38199
48231
20437
47836
51261
8738
17901
65118
15578
65886
76374
78464
10682
11247
13385
38721
38791
45069
61214
11412
34304
70011
2555
21610
25408
41791
53524
53747
58975
59819
64563
68787
72153
3725
38660
42798
71428
15304
18657
27119
36962
69964
70224
19518
32525
46205
71708
77949
2220
10360
24419
28769
68929
6705
16439
20025
22513
22621
63835
1021
1871
13102
34561
59132
64324
7353
8883
18110
20982
28451
60742
31580
45708
46931
73866
2103
2951
31056
41129
50212
50296
54260
11722
18956
23527
26822
27771
64204
66894
74551
