641
1
28
120
638
706
836
214 215
259 262
339 341
375 376
407 408
452 454
474 475
490 492
534 535
609 612
668 670
720 721
759 760
797 798
912 915
990 991
17
387
430
507
206 207
238 242
409 410
428 432
501 503
697 698
774 781
825 828
894 897
929 930
958 960
23
370
404
546
80 82
105 108
126 128
138 143
180 182
343 344
368 371
386 388
426 427
884 885
261
472
725
907
243 244
512 513
543 544
572 573
618 619
651 653
816 817
832 833
4
167
799
31 32
49 51
66 67
134 137
151 152
481 482
583 585
660 661
857 858
873 876
932 934
973 974
993 995
11
298
754
926
568 571
581 582
599 600
980 981
197
654
784
460
823
844
263 264
438 443
494 495
562 563
579 580
620 622
662 664
795 796
813 814
100
196
247
255
855
252 253
335 336
401 402
447 449
553 558
577 578
637 643
710 711
740 744
770 773
891 892
947 949
7
286
393
859
40 44
91 93
99 101
116 117
147 150
223 224
372 373
466 469
476 478
517 518
751 752
840 841
866 868
902 903
9
22
181
254
277
361
778
879 881
941 943
87
211
287
606
285 288
444 445
496 498
548 552
615 617
701 703
982 984
178
279
704
6 8
123 124
345 350
455 458
510 511
601 603
861 862
945 946
75
616
755
153 155
161 162
191 195
200 204
289 290
297 304
382 383
853 856
967 968
98
140
46 47
168 169
337 338
422 424
525 527
705 709
735 737
818 824
189
724
887
114 115
171 172
226 227
256 257
714 715
927 928
139
550
733
364
473
360
470 471
657 659
83
860
15 18
96 97
353 355
390 392
805 806
837 838
882 883
251
567
596
173 175
198 199
273 280
413 414
484 487
808 810
937 940
956 957
5
652
645
983
35
50
103
141
159
193
205
260
302
312
357
421
433
479
489
514
560
576
588
605
677
736
776
880
889
896
921
936
939
954
972
998
36 37
68 69
84 85
158 160
291 295
310 318
415 417
459 461
537 542
564 566
628 630
635 636
695 696
765 769
800 801
846 847
910 911
952 953
996 999
3
16
34
39
81
90
106
149
202
239
272
275
292
411
423
441
457
463
468
499
502
557
561
602
614
627
644
663
688
756
766
820
826
890
899
917
976
246 248
306 307
324 327
359 363
384 385
521 522
624 625
753 758
788 789
871 872
19
43
48
110
187
217
229
232
313
323
347
446
477
485
505
536
539
555
574
641
650
667
682
727
830
842
922
955
994
10 12
27 30
54 55
86 88
102 104
131 133
156 157
183 185
365 366
398 399
434 437
595 598
675 676
684 685
793 794
919 920
13
92
111
125
170
268
299
367
416
436
453
509
559
611
623
646
679
693
747
807
821
877
913
992
266 269
330 331
633 634
961 965
14
45
209
228
241
315
332
354
480
506
594
613
680
742
768
777
786
839
852
870
970
986
59 61
118 119
163 165
231 234
249 250
528 529
589 590
631 632
699 700
834 835
38
70
127
174
201
219
222
348
351
491
504
671
734
878
963
188 190
236 237
716 717
762 763
916 918
985 988
29
41
77
145
154
192
565
584
648
692
702
712
723
729
746
787
792
803
819
886
71 72
94 95
270 271
394 395
607 608
686 689
63
113
164
176
203
216
240
389
412
425
440
500
520
530
551
570
656
678
718
728
732
771
791
850
905
923
944
962
969
997
52 53
144 146
418 419
681 683
977 979
42
276
294
378
406
451
467
497
515
569
597
738
924
959
464 465
62
213
442
610
745
757
779
790
142
328
381
397
739
802
831
874
906
935
975
665 666
726 731
73
135
208
296
311
316
334
356
429
462
575
815
925
938
112
132
20 26
64 65
321 322
21
33
129 130
403 405
265
314
342
352
519
541
942
523 524
673 674
904 909
136
166
179
194
267
282
303
379
493
687
849
863
867
895
148
220
319
329
369
486
508
538
640
647
719
812
893
951
971
76 79
56
225
235
396
448
516
556
908
950
218 221
586 587
60
89
109
281
320
326
450
591
964
74
349
374
655
933
989
